4294967294,0
4294967278,243
4294967294,437
4294967294,480
4294967294,199
4294967294,198
4294967294,996
4294967294,401
4294967294,170
4294967294,163
4294967278,241
4294967279,240
4294967278,132
4294967278,131
4294967278,130
4294967278,129
4294967278,128
4294967278,127
4294967278,126
4294967278,125
4294967278,124
4294967278,123
4294967278,122
4294967278,121
4294967278,120
4294967278,119
4294967278,118
4294967278,117
4294967278,116
4294967278,115
4294967278,113
4294967278,111
4294967278,110
4294967278,109
4294967278,108
4294967278,107
4294967278,106
4294967278,105
4294967278,104
4294967278,103
4294967278,102
4294967278,101
4294967278,100
4294967278,99
4294967278,98
4294967278,97
4294967278,96
4294967278,95
4294967278,94
4294967278,93
4294967278,92
4294967278,91
4294967278,89
4294967278,86
4294967278,322
4294967278,82
4294967278,80
4294967278,79
4294967278,78
4294967278,77
4294967278,75
4294967278,74
4294967278,73
4294967278,72
4294967278,71
4294967278,70
4294967278,68
4294967278,64
4294967278,260
4294967279,86
4294967279,81
4294967279,79
4294967279,77
4294967279,75
4294967279,70
4294967279,69
4294967279,67
4294967279,62
4294967279,57
4294967279,55
4294967279,47
4294967279,39
4294967279,37
4294967279,34
4294967279,27
4294967279,24
4294967279,21
4294967279,18
4294967279,15
4294967279,13
4294967279,10
4294967279,8
4294967279,7
4294967279,6
4294967279,5
4294967279,4
4294967278,114
4294967279,238
4294967294,176
4294967294,162
4294967294,50
4294967294,424
4294967294,51
4294967294,52
4294967278,112
4294967278,235
4294967294,7
4294967294,478
4294967294,93
4294967294,95
4294967279,231
4294967294,12
4294967294,1017
4294967294,196
4294967294,195
4294967294,194
4294967294,1015
4294967294,1009
4294967294,1007
4294967294,999
4294967294,421
4294967294,190
4294967294,92
4294967294,88
4294967294,81
4294967294,202
4294967294,1415
4294967294,83
4294967294,11
4294967294,68
4294967294,5
4294967279,229
4294967279,227
4294967279,225
4294967279,223
4294967279,221
4294967279,219
4294967279,217
4294967278,216
4294967279,215
4294967278,214
4294967279,519
4294967279,213
4294967279,212
4294967279,211
4294967279,210
4294967278,209
4294967279,209
4294967279,208
4294967278,207
4294967279,207
4294967279,206
4294967278,205
4294967279,205
4294967278,204
4294967279,204
4294967279,560
4294967278,90
4294967278,87
4294967279,319
4294967278,85
4294967294,1418
4294967278,76
4294967279,85
4294967278,84
4294967278,321
4294967278,83
4294967279,82
4294967279,195
4294967278,81
4294967278,194
4294967278,319
4294967279,194
4294967278,193
4294967278,189
4294967278,191
130,5
4294967279,191
130,4
4294967278,190
130,3
130,2
130,1
4294967278,357
4294967279,190
4294967278,188
4294967279,188
4294967278,187
4294967279,187
4294967278,186
4294967279,186
4294967278,185
4294967278,69
4294967279,185
4294967278,184
4294967279,184
128,4
128,3
128,2
128,1
4294967279,183
4294967294,1013
4294967278,182
4294967278,66
4294967294,398
4294967294,450
4294967294,108
4294967279,310
4294967278,67
4294967278,354
4294967278,390
127,6
4294967279,64
4294967294,479
4294967278,65
4294967278,380
4294967279,308
4294967279,326
127,5
127,4
127,3
127,2
127,1
4294967278,353
4294967279,59
4294967279,306
4294967278,352
4294967278,310
126,5
4294967279,54
126,4
126,3
126,2
126,1
4294967279,538
4294967279,52
4294967278,393
4294967279,50
4294967279,303
4294967279,161
4294967279,159
125,5
4294967278,158
125,4
125,3
125,2
125,1
4294967279,156
4294967279,44
4294967278,154
4294967279,42
4294967279,301
4294967279,290
124,5
4294967279,151
4294967278,151
124,4
124,3
124,2
124,1
4294967278,295
4294967278,146
4294967279,36
4294967279,287
4294967278,348
4294967278,345
4294967279,146
4294967278,145
4294967278,144
4294967279,297
4294967278,143
4294967294,17
4294967294,76
4294967279,141
4294967279,29
4294967278,291
4294967279,139
122,4
4294967278,139
122,3
122,2
122,1
4294967278,300
4294967278,138
4294967294,67
4294967278,137
4294967279,284
4294967278,289
4294967278,290
4294967279,283
4294967278,344
4294967279,531
4294967278,396
4294967279,282
0,5
4294967278,343
4294967279,334
4294967294,41
4294967278,379
4294967279,555
4294967294,26
4294967294,43
4294967294,417
4294967294,25
4294967278,284
4294967278,288
4294967278,285
4294967279,333
4294967294,6
4294967294,82
4294967293,131
4294967293,130
4294967293,129
4294967293,128
4294967293,127
4294967293,126
4294967293,125
4294967293,124
4294967293,123
4294967293,122
4294967293,121
4294967293,120
4294967293,119
4294967293,118
4294967293,117
4294967293,116
4294967293,115
4294967293,114
4294967293,113
4294967293,112
4294967293,111
4294967293,110
4294967293,109
4294967293,108
4294967293,107
4294967293,106
4294967293,105
4294967293,104
4294967293,103
4294967293,102
4294967293,101
4294967293,100
4294967293,99
4294967293,98
4294967293,97
4294967293,96
4294967293,95
4294967293,94
4294967293,93
4294967293,92
4294967293,91
4294967293,90
4294967293,89
4294967293,87
4294967293,86
4294967293,85
4294967293,84
4294967293,83
4294967293,82
4294967293,81
